date,annualized_returns,cash,daily_pnl,daily_returns,market_value,static_unit_net_value,total_returns,total_value,unit_net_value,units
2016-01-04,0.0,1000000.0,0.0,0.0,0.0,1.0,0.0,1000000.0,1.0,1000000
2016-01-05,0.0,1000000.0,0.0,0.0,0.0,1.0,0.0,1000000.0,1.0,1000000
2016-01-06,0.0,1000000.0,0.0,0.0,0.0,1.0,0.0,1000000.0,1.0,1000000
2016-01-07,0.0,1000000.0,0.0,0.0,0.0,1.0,0.0,1000000.0,1.0,1000000
2016-01-08,0.0,1000000.0,0.0,0.0,0.0,1.0,0.0,1000000.0,1.0,1000000
2016-01-11,0.0,1000000.0,0.0,0.0,0.0,1.0,0.0,1000000.0,1.0,1000000
2016-01-12,0.0,1000000.0,0.0,0.0,0.0,1.0,0.0,1000000.0,1.0,1000000
2016-01-13,0.0,1000000.0,0.0,0.0,0.0,1.0,0.0,1000000.0,1.0,1000000
2016-01-14,0.0,1000000.0,0.0,0.0,0.0,1.0,0.0,1000000.0,1.0,1000000
2016-01-15,0.0,1000000.0,0.0,0.0,0.0,1.0,0.0,1000000.0,1.0,1000000
2016-01-18,0.0,1000000.0,0.0,0.0,0.0,1.0,0.0,1000000.0,1.0,1000000
2016-01-19,0.0,1000000.0,0.0,0.0,0.0,1.0,0.0,1000000.0,1.0,1000000
2016-01-20,0.0,1000000.0,0.0,0.0,0.0,1.0,0.0,1000000.0,1.0,1000000
2016-01-21,0.0,1000000.0,0.0,0.0,0.0,1.0,0.0,1000000.0,1.0,1000000
2016-01-22,0.0,1000000.0,0.0,0.0,0.0,1.0,0.0,1000000.0,1.0,1000000
2016-01-25,0.0,1000000.0,0.0,0.0,0.0,1.0,0.0,1000000.0,1.0,1000000
2016-01-26,0.0,1000000.0,0.0,0.0,0.0,1.0,0.0,1000000.0,1.0,1000000
2016-01-27,0.0,1000000.0,0.0,0.0,0.0,1.0,0.0,1000000.0,1.0,1000000
2016-01-28,0.0,1000000.0,0.0,0.0,0.0,1.0,0.0,1000000.0,1.0,1000000
2016-01-29,0.0,1000000.0,0.0,0.0,0.0,1.0,0.0,1000000.0,1.0,1000000
2016-02-01,0.0,1000000.0,0.0,0.0,0.0,1.0,0.0,1000000.0,1.0,1000000
2016-02-02,0.0,1000000.0,0.0,0.0,0.0,1.0,0.0,1000000.0,1.0,1000000
2016-02-03,0.0,670480.0,0.0,0.0,0.0,1.0,0.0,1000000.0,1.0,1000000
2016-02-04,-0.364,627775.94,-38912.06,-0.039,833280.0,1.0,-0.039,961087.94,0.961,1000000
2016-02-05,-0.397,624319.94,-5760.0,-0.006,827520.0,0.961,-0.045,955327.94,0.955,1000000
2016-02-15,-0.357,620683.94,-6060.0,-0.006,821460.0,0.955,-0.051,949267.94,0.949,1000000
2016-02-16,-0.208,634507.94,23040.0,0.024,844500.0,0.949,-0.028,972307.94,0.972,1000000
2016-02-17,-0.175,637027.94,4200.0,0.004,848700.0,0.972,-0.023,976507.94,0.977,1000000
2016-02-18,-0.163,637855.94,1380.0,0.001,850080.0,0.977,-0.022,977887.94,0.978,1000000
2016-02-19,-0.172,636739.94,-1860.0,-0.002,848220.0,0.978,-0.024,976027.94,0.976,1000000
2016-02-22,-0.07,645163.94,14040.0,0.014,862260.0,0.976,-0.01,990067.94,0.99,1000000
2016-02-23,-0.152,637495.94,-12780.0,-0.013,849480.0,0.99,-0.023,977287.94,0.977,1000000
2016-02-24,-0.132,639187.94,2820.0,0.003,852300.0,0.977,-0.02,980107.94,0.98,1000000
2016-02-25,-0.351,614563.94,-41040.0,-0.042,811260.0,0.98,-0.061,939067.94,0.939,1000000
2016-02-26,-0.321,617767.94,5340.0,0.006,816600.0,0.939,-0.056,944407.94,0.944,1000000
2016-02-29,-0.44,599191.94,-30960.0,-0.033,785640.0,0.944,-0.087,913447.94,0.913,1000000
2016-03-01,-0.317,615895.94,27840.0,0.03,813480.0,0.913,-0.059,941287.94,0.941,1000000
2016-03-02,-0.128,638035.94,36900.0,0.039,850380.0,0.941,-0.022,978187.94,0.978,1000000
2016-03-03,-0.119,638755.94,1200.0,0.001,851580.0,0.978,-0.021,979387.94,0.979,1000000
2016-03-04,-0.074,643435.94,7800.0,0.008,859380.0,0.979,-0.013,987187.94,0.987,1000000
2016-03-07,-0.005,650599.94,11940.0,0.012,871320.0,0.987,-0.001,999127.94,0.999,1000000
2016-03-08,-0.026,648367.94,-3720.0,-0.004,867600.0,0.999,-0.005,995407.94,0.995,1000000
2016-03-09,-0.081,642031.94,-10560.0,-0.011,857040.0,0.995,-0.015,984847.94,0.985,1000000
2016-03-10,-0.091,640735.94,-2160.0,-0.002,854880.0,0.985,-0.017,982687.94,0.983,1000000
2016-03-11,-0.122,636811.94,-6540.0,-0.007,848340.0,0.983,-0.024,976147.94,0.976,1000000
2016-03-14,-0.005,650563.94,22920.0,0.023,871260.0,0.976,-0.001,999067.94,0.999,1000000
2016-03-15,-0.046,645595.94,-8280.0,-0.008,862980.0,0.999,-0.009,990787.94,0.991,1000000
2016-03-16,-0.025,648151.94,4260.0,0.004,867240.0,0.991,-0.005,995047.94,0.995,1000000
2016-03-17,0.093,662083.94,23220.0,0.023,890460.0,0.995,0.018,1018267.94,1.018,1000000
2016-03-18,0.231,677275.94,25320.0,0.025,915780.0,1.018,0.044,1043587.94,1.044,1000000
2016-03-21,0.368,692647.94,25620.0,0.025,941400.0,1.044,0.069,1069207.94,1.069,1000000
2016-03-22,0.343,690703.94,-3240.0,-0.003,938160.0,1.069,0.066,1065967.94,1.066,1000000
2016-03-23,0.314,688111.94,-4320.0,-0.004,933840.0,1.066,0.062,1061647.94,1.062,1000000
2016-03-24,0.239,680335.94,-12960.0,-0.012,920880.0,1.062,0.049,1048687.94,1.049,1000000
2016-03-25,0.233,680083.94,-420.0,-0.0,920460.0,1.049,0.048,1048267.94,1.048,1000000
2016-03-28,0.199,677023.94,-5100.0,-0.005,915360.0,1.048,0.043,1043167.94,1.043,1000000
2016-03-29,0.13,668635.94,-13980.0,-0.013,901380.0,1.043,0.029,1029187.94,1.029,1000000
2016-03-30,0.244,683179.94,24240.0,0.024,925620.0,1.029,0.053,1053427.94,1.053,1000000
2016-03-31,0.25,684295.94,1860.0,0.002,927480.0,1.053,0.055,1055287.94,1.055,1000000
2016-04-01,0.245,684043.94,-420.0,-0.0,927060.0,1.055,0.055,1054867.94,1.055,1000000
2016-04-05,0.314,694303.94,17100.0,0.016,944160.0,1.055,0.072,1071967.94,1.072,1000000
2016-04-06,0.294,692323.94,-3300.0,-0.003,940860.0,1.072,0.069,1068667.94,1.069,1000000
2016-04-07,0.252,-57304.06,-8340.0,-0.008,932520.0,1.069,0.06,1060327.94,1.06,1000000
2016-04-08,-0.179,582111.43,-110728.51,-0.104,-918720.0,1.06,-0.05,949599.43,0.95,1000000
2016-04-11,-0.241,551871.43,-21600.0,-0.023,-940320.0,0.95,-0.072,927999.43,0.928,1000000
2016-04-12,-0.216,562455.43,7560.0,0.008,-932760.0,0.928,-0.064,935559.43,0.936,1000000
2016-04-13,-0.286,528267.43,-24420.0,-0.026,-957180.0,0.936,-0.089,911139.43,0.911,1000000
2016-04-14,-0.28,-236132.57,1200.0,0.001,-955980.0,0.911,-0.088,912339.43,0.912,1000000
2016-04-15,-0.477,450665.178,-79306.252,-0.087,955920.0,0.912,-0.167,833033.178,0.833,1000000
2016-04-18,-0.492,-311046.822,-11520.0,-0.014,944400.0,0.833,-0.178,821513.178,0.822,1000000
2016-04-19,-0.673,342820.482,-101124.696,-0.123,-943920.0,0.822,-0.28,720388.482,0.72,1000000
2016-04-20,-0.629,378520.482,25500.0,0.035,-918420.0,0.72,-0.254,745888.482,0.746,1000000
2016-04-21,-0.642,364492.482,-10020.0,-0.013,-928440.0,0.746,-0.264,735868.482,0.736,1000000
2016-04-22,-0.639,364324.482,-120.0,-0.0,-928560.0,0.736,-0.264,735748.482,0.736,1000000
2016-04-25,-0.623,369448.482,3660.0,0.005,-924900.0,0.736,-0.261,739408.482,0.739,1000000
2016-04-26,-0.622,367684.482,-1260.0,-0.002,-926160.0,0.739,-0.262,738148.482,0.738,1000000
2016-04-27,-0.618,368188.482,360.0,0.0,-925800.0,0.738,-0.261,738508.482,0.739,1000000
2016-04-28,-0.611,371632.482,2460.0,0.003,-923340.0,0.739,-0.259,740968.482,0.741,1000000
2016-04-29,-0.614,366256.482,-3840.0,-0.005,-927180.0,0.741,-0.263,737128.482,0.737,1000000
2016-05-03,-0.628,342652.482,-16860.0,-0.023,-944040.0,0.737,-0.28,720268.482,0.72,1000000
2016-05-04,-0.625,343324.482,480.0,0.001,-943560.0,0.72,-0.279,720748.482,0.721,1000000
2016-05-05,-0.621,344080.482,540.0,0.001,-943020.0,0.721,-0.279,721288.482,0.721,1000000
2016-05-06,-0.584,373732.482,21180.0,0.029,-921840.0,0.721,-0.258,742468.482,0.742,1000000
2016-05-09,-0.534,407500.482,24120.0,0.032,-897720.0,0.742,-0.233,766588.482,0.767,1000000
2016-05-10,-0.534,405064.482,-1740.0,-0.002,-899460.0,0.767,-0.235,764848.482,0.765,1000000
2016-05-11,-0.54,398260.482,-4860.0,-0.006,-904320.0,0.765,-0.24,759988.482,0.76,1000000
2016-05-12,-0.544,392800.482,-3900.0,-0.005,-908220.0,0.76,-0.244,756088.482,0.756,1000000
2016-05-13,-0.539,394564.482,1260.0,0.002,-906960.0,0.756,-0.243,757348.482,0.757,1000000
2016-05-16,-0.537,389692.482,-3480.0,-0.005,-910440.0,0.757,-0.246,753868.482,0.754,1000000
2016-05-17,-0.538,386248.482,-2460.0,-0.003,-912900.0,0.754,-0.249,751408.482,0.751,1000000
2016-05-18,-0.518,400780.482,10380.0,0.014,-902520.0,0.751,-0.238,761788.482,0.762,1000000
2016-05-19,-0.522,395488.482,-3780.0,-0.005,-906300.0,0.762,-0.242,758008.482,0.758,1000000
2016-05-20,-0.527,388768.482,-4800.0,-0.006,-911100.0,0.758,-0.247,753208.482,0.753,1000000
2016-05-23,-0.523,385744.482,-2160.0,-0.003,-913260.0,0.753,-0.249,751048.482,0.751,1000000
2016-05-24,-0.511,393976.482,5880.0,0.008,-907380.0,0.751,-0.243,756928.482,0.757,1000000
2016-05-25,-0.509,394144.482,120.0,0.0,-907260.0,0.757,-0.243,757048.482,0.757,1000000
2016-05-26,-0.505,395152.482,720.0,0.001,-906540.0,0.757,-0.242,757768.482,0.758,1000000
2016-05-27,-0.508,-337699.518,-3420.0,-0.005,-909960.0,0.758,-0.246,754348.482,0.754,1000000
2016-05-30,-0.607,320612.607,-69439.876,-0.092,910740.0,0.754,-0.315,684908.607,0.685,1000000
2016-05-31,-0.557,339872.607,32100.0,0.047,942840.0,0.685,-0.283,717008.607,0.717,1000000
2016-06-01,-0.558,338612.607,-2100.0,-0.003,940740.0,0.717,-0.285,714908.607,0.715,1000000
